8 0.349609375 0.4892578125 0.3515625 0.497802734375 0.3541666671875 0.499755859375 0.3561197921875 0.496826171875 0.3603515625 0.498779296875 0.3623046875 0.498046875 0.3616536453125 0.49609375 0.3590494796875 0.49462890625 0.3610026046875 0.4853515625 0.3714192703125 0.484130859375 0.3736979171875 0.4794921875 0.3714192703125 0.4560546875 0.3662109375 0.439697265625 0.3636067703125 0.42041015625 0.36328125 0.392822265625 0.3600260421875 0.355712890625 0.3610026046875 0.3251953125 0.3597005203125 0.319091796875 0.3597005203125 0.308837890625 0.36328125 0.283203125 0.3639322921875 0.2626953125 0.3665364578125 0.246826171875 0.3792317703125 0.203125 0.38671875 0.189697265625 0.3889973953125 0.179931640625 0.3968098953125 0.166015625 0.3942057296875 0.161865234375 0.3938802078125 0.154052734375 0.3955078125 0.150146484375 0.392578125 0.14794921875 0.3932291671875 0.135498046875 0.3880208328125 0.13037109375 0.3909505203125 0.12353515625 0.388671875 0.118896484375 0.3857421875 0.125 0.3805338546875 0.1279296875 0.3766276046875 0.1357421875 0.3704427078125 0.144775390625 0.365234375 0.150146484375 0.357421875 0.16259765625 0.3414713546875 0.1953125 0.3372395828125 0.208251953125 0.3333333328125 0.22802734375 0.3346354171875 0.240478515625 0.3326822921875 0.245361328125 0.3343098953125 0.247314453125 0.3333333328125 0.25244140625 0.3346354171875 0.2548828125 0.3323567703125 0.259765625 0.3349609375 0.26220703125 0.3359375 0.272705078125 0.3352864578125 0.27587890625 0.3304036453125 0.27734375 0.328125 0.275390625 0.3277994796875 0.272705078125 0.326171875 0.27197265625 0.3245442703125 0.29296875 0.3255208328125 0.33984375 0.3274739578125 0.3544921875 0.3264973953125 0.361328125 0.3284505203125 0.368408203125 0.3297526046875 0.412353515625 0.3317057296875 0.434326171875 0.3352864578125 0.443359375 0.3404947921875 0.46630859375 0.345703125 0.482177734375 0.349609375 0.4892578125
8 0.42109375 0.65546875 0.025 0.00546875
8 0.3605990515625 0.5119688546875001 0.3558079421875 0.5107631828125 0.35998945625 0.5112187968749999 0.344646159375 0.49234008749999997 0.38436053281250004 0.5599231859375 0.3817947234375 0.5397228703125 0.38136770000000003 0.5375230281250001 0.3605990515625 0.5119688546875001
8 0.4163411453125 0.622314453125 0.4108072921875 0.608642578125 0.41015625 0.59814453125 0.4111328125 0.594482421875 0.4140625 0.592041015625 0.4166666671875 0.591796875 0.4163411453125 0.575439453125 0.4117838546875 0.56787109375 0.4046223953125 0.548583984375 0.3893367171875 0.5349535890625 0.3899739578125 0.544921875 0.3876953125 0.548583984375 0.38031441093749996 0.5320969109375 0.38136770000000003 0.5375230281250001 0.38154264375 0.53773828125 0.3817947234375 0.5397228703125 0.3857421875 0.56005859375 0.3844401046875 0.56005859375 0.38436053281250004 0.5599231859375 0.3857421875 0.57080078125 0.3883463546875 0.580078125 0.3938802078125 0.5869140625 0.39453125 0.591064453125 0.4010416671875 0.603515625 0.4013671875 0.607421875 0.4052734375 0.61474609375 0.4049479171875 0.619384765625 0.4069010421875 0.624267578125 0.408203125 0.62548828125 0.4153645828125 0.625 0.4163411453125 0.622314453125
8 0.3893367171875 0.5349535890625 0.3883132125 0.5189430578125 0.3772191234375 0.5161512562499999 0.3790963953125 0.525822190625 0.3893367171875 0.5349535890625
8 0.38484225625 0.5139267296875001 0.3749795125 0.5046137015625 0.3766132625 0.5130301078125 0.38484225625 0.5139267296875001
8 0.35975423125 0.48617065468750004 0.362666540625 0.49267601875 0.36919889375000003 0.49915527343750005 0.3749795125 0.5046137015625 0.3746080734375 0.5027001953125 0.35975423125 0.48617065468750004
8 0.362666540625 0.49267601875 0.357124675 0.48717920000000003 0.3649060671875 0.5117545046875 0.3715307015625 0.5124763171875 0.362666540625 0.49267601875
8 0.352045246875 0.4730434578125 0.388671875 0.50732421875 0.3876953125 0.50927734375 0.38801463125 0.5142723874999999 0.4026692703125 0.515869140625 0.4072265625 0.51318359375 0.4049479171875 0.51171875 0.3990885421875 0.511962890625 0.3961588546875 0.510986328125 0.368755859375 0.4856574703125 0.352045246875 0.4730434578125
8 0.3715307015625 0.5124763171875 0.3726625609375 0.515004609375 0.3772191234375 0.5161512562499999 0.3766132625 0.5130301078125 0.3715307015625 0.5124763171875
8 0.3726625609375 0.515004609375 0.3653527109375 0.5131651015625 0.3655299484375 0.513724853125 0.3764481984375 0.5234607687499999 0.3726625609375 0.515004609375
8 0.526423121875 0.7590637640625 0.5666090500000001 0.77292578125 0.563648978125 0.76950331875 0.5653880203125 0.7711455078125 0.4524739578125 0.63134765625 0.4443359375 0.620849609375 0.4235026046875 0.58447265625 0.4104817703125 0.565673828125 0.408203125 0.55908203125 0.4039713546875 0.55517578125 0.3990885421875 0.56005859375 0.4029947921875 0.562255859375 0.4010416671875 0.567626953125 0.3997395828125 0.568115234375 0.4007161453125 0.5712890625 0.3961588546875 0.572021484375 0.3977864578125 0.576171875 0.392578125 0.57958984375 0.3990885421875 0.596435546875 0.427734375 0.6435546875 0.4303385421875 0.645751953125 0.4501953125 0.673828125 0.504395090625 0.73457268125 0.5000655953125 0.7290481296875 0.526423121875 0.7590637640625
8 0.390625 0.564208984375 0.3916015625 0.5634765625 0.40234375 0.563232421875 0.4052734375 0.56396484375 0.4072265625 0.56884765625 0.4085286453125 0.5693359375 0.41015625 0.568115234375 0.41015625 0.564208984375 0.408203125 0.560302734375 0.408203125 0.556396484375 0.4055989578125 0.553955078125 0.3977864578125 0.536865234375 0.3955078125 0.5341796875 0.3929036453125 0.5224609375 0.3958333328125 0.518310546875 0.4013671875 0.517578125 0.4078776046875 0.513671875 0.4111328125 0.514404296875 0.4153645828125 0.513671875 0.4143880203125 0.51171875 0.4117838546875 0.510009765625 0.408203125 0.5126953125 0.4036458328125 0.51220703125 0.3974609375 0.513427734375 0.3929036453125 0.51611328125 0.388671875 0.515380859375 0.3828125 0.501953125 0.3815104171875 0.494140625 0.376953125 0.482177734375 0.373046875 0.474853515625 0.369140625 0.474853515625 0.3668619796875 0.476318359375 0.3603515625 0.476318359375 0.3531901046875 0.474365234375 0.3528645828125 0.4755859375 0.3460286453125 0.4775390625 0.345703125 0.482666015625 0.349609375 0.49560546875 0.35546875 0.507568359375 0.3587239578125 0.521240234375 0.3727213546875 0.549560546875 0.384765625 0.56884765625 0.38671875 0.569091796875 0.3889973953125 0.572265625 0.3912760421875 0.568115234375 0.390625 0.564208984375
8 0.537109375 0.8154296875 0.5384114578125 0.8115234375 0.5413411453125 0.810302734375 0.5393880203125 0.807861328125 0.5390625 0.804931640625 0.5364583328125 0.80224609375 0.5387369796875 0.796875 0.5442708328125 0.794921875 0.5452473953125 0.792724609375 0.5452473953125 0.79052734375 0.5432942703125 0.79052734375 0.5413411453125 0.7890625 0.5419921875 0.78564453125 0.544921875 0.78515625 0.5462239578125 0.783447265625 0.5445963546875 0.780029296875 0.544921875 0.777587890625 0.5501302078125 0.771728515625 0.5537109375 0.771728515625 0.5579427078125 0.7744140625 0.5569661453125 0.779052734375 0.564453125 0.7861328125 0.5787760421875 0.794921875 0.5823567703125 0.7958984375 0.587890625 0.800537109375 0.5986328125 0.8046875 0.6028645828125 0.810302734375 0.6100260421875 0.811767578125 0.6184895828125 0.817138671875 0.626953125 0.820068359375 0.630859375 0.82275390625 0.6354166671875 0.82373046875 0.6389973953125 0.825927734375 0.6474609375 0.82763671875 0.6656901046875 0.8349609375 0.6813151046875 0.838623046875 0.6891276046875 0.841796875 0.6985677078125 0.843994140625 0.7027994796875 0.84619140625 0.7161458328125 0.849609375 0.7301432296875 0.851318359375 0.7428385421875 0.857421875 0.7454427078125 0.860107421875 0.7503255203125 0.861328125 0.7659505203125 0.862548828125 0.7734375 0.865234375 0.7796223953125 0.864990234375 0.783203125 0.857177734375 0.7809244796875 0.85791015625 0.77734375 0.85693359375 0.7747395828125 0.8544921875 0.775390625 0.852294921875 0.7770182296875 0.8515625 0.77734375 0.8486328125 0.7701822921875 0.841552734375 0.7584635421875 0.837890625 0.7506510421875 0.836669921875 0.7464192703125 0.83544921875 0.7444661453125 0.833740234375 0.7337239578125 0.831787109375 0.7177734375 0.825927734375 0.6982421875 0.82080078125 0.6930338546875 0.81787109375 0.6529947921875 0.804443359375 0.6510416671875 0.802734375 0.6354166671875 0.797119140625 0.6341145828125 0.794677734375 0.6178385421875 0.789794921875 0.615234375 0.786865234375 0.6044921875 0.78271484375 0.6022135421875 0.77880859375 0.5849609375 0.7685546875 0.5543619796875 0.745361328125 0.548828125 0.739501953125 0.5413411453125 0.7451171875 0.5377604171875 0.74365234375 0.5315755203125 0.744140625 0.5322265625 0.749267578125 0.5299479171875 0.75146484375 0.525390625 0.750244140625 0.5234375 0.751953125 0.5276692703125 0.75927734375 0.5289713546875 0.7952880859375 0.5282232015625 0.8040555046875 0.5315755203125 0.822265625 0.5338541671875 0.818359375 0.5328776046875 0.816650390625 0.5358072921875 0.81494140625 0.537109375 0.8154296875
8 0.9928385421874999 0.8994140625 0.9996744796874999 0.897216796875 0.9996744796874999 0.8447265625 0.9973958328125001 0.84423828125 0.994140625 0.83984375 0.9905598953125001 0.84375 0.9781901046874999 0.847412109375 0.9694010421874999 0.85205078125 0.95703125 0.85400390625 0.9430338546874999 0.85400390625 0.919921875 0.856201171875 0.776224284375 0.8430419921875 0.7666243484375 0.8446667484375 0.8190104171874999 0.856201171875 0.8186848953125001 0.857666015625 0.8167576343749999 0.8573804140625001 0.7897138671875 0.8523396 0.8291015625 0.8642578125 0.7703665359375 0.84935961875 0.7461279296875001 0.85444140625 0.8382161453125001 0.880859375 0.9313151046874999 0.8955078125 0.9632161453125001 0.89794921875 0.9772135421874999 0.8974609375 0.9928385421874999 0.8994140625
8 0.91328125 0.8890625 0.01171875 0.00234375
5 0.390625 0.51416015625 0.392578125 0.51708984375 0.3916015625 0.521728515625 0.3961588546875 0.52294921875 0.3981119796875 0.525146484375 0.39453125 0.529296875 0.3990885421875 0.533203125 0.3981119796875 0.537109375 0.4046223953125 0.547607421875 0.4078776046875 0.560546875 0.4235026046875 0.587890625 0.421875 0.591796875 0.4235026046875 0.593017578125 0.4280598953125 0.59130859375 0.4290364578125 0.591796875 0.4342447921875 0.600830078125 0.4378255203125 0.60400390625 0.4368489578125 0.607421875 0.4381510421875 0.611083984375 0.4378255203125 0.615478515625 0.439453125 0.61865234375 0.4388020828125 0.6240234375 0.4430338546875 0.6259765625 0.4466145828125 0.625244140625 0.4488932296875 0.6279296875 0.4469401046875 0.630859375 0.4508463546875 0.63330078125 0.4508463546875 0.635009765625 0.4521484375 0.63525390625 0.4547526046875 0.638916015625 0.4599609375 0.638916015625 0.4632161453125 0.641357421875 0.4625651046875 0.642822265625 0.4661458328125 0.647705078125 0.470703125 0.649169921875 0.4742838546875 0.6484375 0.478515625 0.646240234375 0.4768880203125 0.63427734375 0.4794921875 0.62939453125 0.4759114578125 0.61865234375 0.4794921875 0.615234375 0.4794921875 0.61376953125 0.4710286453125 0.519287109375 0.4716796875 0.50927734375 0.4703776046875 0.506591796875 0.46875 0.506103515625 0.4697265625 0.501708984375 0.4651692703125 0.501220703125 0.4612630203125 0.5029296875 0.4599609375 0.504638671875 0.4576822921875 0.50439453125 0.4557291671875 0.502685546875 0.4534505203125 0.5029296875 0.4521484375 0.504638671875 0.44921875 0.5048828125 0.4446614578125 0.5029296875 0.443359375 0.501953125 0.4446614578125 0.498291015625 0.4436848953125 0.49462890625 0.4404296875 0.488525390625 0.4300130203125 0.478759765625 0.4300130203125 0.4765625 0.4319661453125 0.474365234375 0.4280598953125 0.474609375 0.4267578125 0.4736328125 0.4254557296875 0.470458984375 0.4290364578125 0.466552734375 0.4254557296875 0.462646484375 0.4264322921875 0.45751953125 0.4283854171875 0.45654296875 0.4303385421875 0.45263671875 0.4342447921875 0.45166015625 0.4397786453125 0.453125 0.44140625 0.451904296875 0.4410807296875 0.44970703125 0.4378255203125 0.4462890625 0.4397786453125 0.44287109375 0.4378255203125 0.4423828125 0.4365234375 0.43896484375 0.4300130203125 0.440185546875 0.4283854171875 0.438232421875 0.42578125 0.438232421875 0.4212239578125 0.44140625 0.3896484375 0.4404296875 0.388671875 0.438720703125 0.3850911453125 0.437744140625 0.384765625 0.43505859375 0.3798828125 0.435791015625 0.37890625 0.43408203125 0.3740234375 0.43359375 0.373046875 0.430419921875 0.3733723953125 0.435791015625 0.369140625 0.435791015625 0.3688151046875 0.436767578125 0.3684895828125 0.443115234375 0.3704427078125 0.4462890625 0.3707682296875 0.451416015625 0.3759765625 0.47021484375 0.3756510421875 0.475830078125 0.3776041671875 0.482421875 0.3824869796875 0.486083984375 0.3821614578125 0.497802734375 0.3912760421875 0.511962890625 0.390625 0.51416015625
5 0.1181640625 0.626708984375 0.1302083328125 0.628662109375 0.1344401046875 0.630859375 0.142578125 0.633056640625 0.1458333328125 0.632568359375 0.173828125 0.640380859375 0.1842447921875 0.641845703125 0.1953125 0.6474609375 0.21744791718749998 0.653564453125 0.22037760468749998 0.655517578125 0.24381510468749998 0.662109375 0.2568359375 0.663818359375 0.279296875 0.66943359375 0.2828776046875 0.671630859375 0.3001302078125 0.673828125 0.3063151046875 0.675537109375 0.3271484375 0.676513671875 0.3479817703125 0.6796875 0.3746744796875 0.687255859375 0.396484375 0.698486328125 0.4078776046875 0.708984375 0.4117838546875 0.710205078125 0.4235026046875 0.718505859375 0.4352213546875 0.72314453125 0.439453125 0.72607421875 0.4462890625 0.728271484375 0.4563802078125 0.73046875 0.4619140625 0.729736328125 0.4697265625 0.730712890625 0.4755859375 0.730712890625 0.4814453125 0.729248046875 0.4860026046875 0.73046875 0.4912109375 0.728515625 0.4889322921875 0.720458984375 0.4856770828125 0.717529296875 0.4833984375 0.717041015625 0.4820963546875 0.712890625 0.4781901046875 0.70947265625 0.4762369796875 0.704833984375 0.4638671875 0.693359375 0.462890625 0.689697265625 0.4560546875 0.68017578125 0.3583984375 0.51953125 0.3557942703125 0.513671875 0.3551432296875 0.50537109375 0.3486328125 0.49462890625 0.3440755203125 0.48291015625 0.3414713546875 0.470947265625 0.3372395828125 0.46435546875 0.3349609375 0.447021484375 0.3284505203125 0.427490234375 0.3258463546875 0.413818359375 0.318359375 0.415283203125 0.3128255203125 0.418212890625 0.306640625 0.419921875 0.287109375 0.429931640625 0.2747395828125 0.4345703125 0.23600260468749998 0.456298828125 0.2314453125 0.4599609375 0.22819010468749998 0.4609375 0.22265625 0.46484375 0.20475260468749998 0.47412109375 0.181640625 0.489501953125 0.1217447921875 0.525146484375 0.1149088546875 0.530517578125 0.095703125 0.541015625 0.087890625 0.547119140625 0.0791015625 0.548583984375 0.07486979218749999 0.552734375 0.06380208281250001 0.555419921875 0.056640625 0.560791015625 0.0455729171875 0.564208984375 0.0406901046875 0.568115234375 0.0380859375 0.57958984375 0.0377604171875 0.584228515625 0.0390625 0.588623046875 0.0439453125 0.595703125 0.048828125 0.599853515625 0.06022135468749999 0.606201171875 0.068359375 0.60888671875 0.07584635468749999 0.613037109375 0.091796875 0.61962890625 0.1053059890625 0.6220703125 0.1181640625 0.626708984375
6 0.8362630203125001 0.6435546875 0.8489583328125001 0.648193359375 0.8570963546874999 0.654296875 0.8717447921874999 0.65966796875 0.880859375 0.66455078125 0.8961588546874999 0.668701171875 0.904296875 0.673828125 0.9075520828125001 0.67919921875 0.9195963546874999 0.693115234375 0.921875 0.699951171875 0.921875 0.70947265625 0.9248046875 0.720703125 0.9274088546874999 0.725341796875 0.939453125 0.7392578125 0.9498697921874999 0.748046875 0.994140625 0.77978515625 0.9996744796874999 0.780517578125 0.9996744796874999 0.6044921875 0.9973958328125001 0.60400390625 0.9944661453125001 0.59814453125 0.986328125 0.59228515625 0.9830729171874999 0.595947265625 0.9814453125 0.595947265625 0.978515625 0.5927734375 0.9674479171874999 0.59375 0.923828125 0.592529296875 0.9046223953125001 0.593505859375 0.8844401046874999 0.587890625 0.8811848953125001 0.586181640625 0.8763020828125001 0.5859375 0.8733723953125001 0.583740234375 0.845703125 0.581298828125 0.8421223953125001 0.57958984375 0.8362630203125001 0.58203125 0.8291015625 0.595703125 0.8193359375 0.603759765625 0.8131510421874999 0.607177734375 0.8092447921874999 0.611328125 0.8092447921874999 0.615234375 0.8125 0.6220703125 0.8131510421874999 0.627197265625 0.8154296875 0.630615234375 0.8206380203125001 0.634765625 0.8362630203125001 0.6435546875
5 0.4869791671875 0.550537109375 0.4908854171875 0.583984375 0.4905598953125 0.596435546875 0.4931640625 0.625 0.4928385421875 0.6494140625 0.490234375 0.66650390625 0.490234375 0.67578125 0.4925130203125 0.681884765625 0.5 0.689208984375 0.505859375 0.697021484375 0.5172526046875 0.707275390625 0.5224609375 0.708740234375 0.5247395828125 0.71142578125 0.5263671875 0.71142578125 0.5289713546875 0.7109375 0.5325520828125 0.706787109375 0.5485026046875 0.70068359375 0.560546875 0.694091796875 0.5638020828125 0.691162109375 0.5680338546875 0.689697265625 0.5784505203125 0.6826171875 0.5904947921875 0.677490234375 0.6227213546875 0.655517578125 0.6259765625 0.652099609375 0.6389973953125 0.64306640625 0.640625 0.640625 0.654296875 0.6318359375 0.6598307296875 0.62548828125 0.6770833328125 0.6142578125 0.6936848953125 0.601318359375 0.7122395828125 0.5927734375 0.7203776046875 0.590576171875 0.7428385421875 0.581298828125 0.7604166671875 0.576171875 0.7796223953125 0.569091796875 0.7825520828125 0.566162109375 0.7867838546875 0.5654296875 0.7932942703125 0.560546875 0.79296875 0.55810546875 0.791015625 0.5576171875 0.7890625 0.5546875 0.7815755203125 0.552734375 0.7789713546875 0.54833984375 0.7763671875 0.548095703125 0.7724609375 0.5458984375 0.7662760421875 0.544921875 0.7639973953125 0.5419921875 0.7639973953125 0.540283203125 0.765625 0.539306640625 0.7692057296875 0.538818359375 0.7705078125 0.53759765625 0.7760416671875 0.538330078125 0.78125 0.535888671875 0.7799479171875 0.517822265625 0.7815755203125 0.51513671875 0.7845052078125 0.513427734375 0.7822265625 0.509521484375 0.7838541671875 0.5078125 0.7867838546875 0.509033203125 0.787109375 0.505126953125 0.7825520828125 0.50390625 0.7822265625 0.497802734375 0.7799479171875 0.49365234375 0.7672526046875 0.479736328125 0.7584635421875 0.471923828125 0.7399088546875 0.447509765625 0.7350260421875 0.443115234375 0.732421875 0.4384765625 0.7268880203125 0.434326171875 0.7242838546875 0.4296875 0.7203776046875 0.4267578125 0.7138671875 0.424560546875 0.7132161453125 0.41943359375 0.7086588546875 0.4130859375 0.705078125 0.4111328125 0.7018229171875 0.41259765625 0.697265625 0.410400390625 0.6949869796875 0.415283203125 0.69140625 0.41552734375 0.6897786453125 0.4169921875 0.6875 0.417236328125 0.6868489578125 0.418701171875 0.6813151046875 0.41943359375 0.6783854171875 0.425537109375 0.6676432296875 0.427490234375 0.6656901046875 0.4267578125 0.662109375 0.43017578125 0.6578776046875 0.428955078125 0.6552734375 0.43359375 0.6526692703125 0.43505859375 0.6484375 0.4326171875 0.646484375 0.429931640625 0.64453125 0.43017578125 0.6432291671875 0.432373046875 0.6402994796875 0.43408203125 0.6282552078125 0.4345703125 0.6201171875 0.431640625 0.6139322921875 0.427978515625 0.5999348953125 0.42333984375 0.595703125 0.41943359375 0.5914713546875 0.421875 0.5882161453125 0.419677734375 0.572265625 0.41796875 0.5680338546875 0.415771484375 0.548828125 0.410888671875 0.533203125 0.410888671875 0.5240885421875 0.408447265625 0.5192057296875 0.406005859375 0.517578125 0.40380859375 0.5143229171875 0.406494140625 0.5120442703125 0.40576171875 0.509765625 0.4033203125 0.5052083328125 0.404052734375 0.5042317703125 0.403076171875 0.4977213546875 0.402099609375 0.4925130203125 0.404052734375 0.4938151046875 0.405517578125 0.4938151046875 0.410888671875 0.4931640625 0.413818359375 0.4899088546875 0.415771484375 0.4892578125 0.428955078125 0.4873046875 0.435302734375 0.48828125 0.442138671875 0.4873046875 0.4462890625 0.4876302078125 0.462890625 0.4899088546875 0.47021484375 0.4886067703125 0.494873046875 0.490234375 0.5 0.490234375 0.505859375 0.4860026046875 0.509521484375 0.4856770828125 0.5146484375 0.4869791671875 0.550537109375
5 0.431640625 0.506103515625 0.43359375 0.503662109375 0.439453125 0.501953125 0.443359375 0.5029296875 0.447265625 0.501708984375 0.4508463546875 0.50341796875 0.4544270828125 0.50146484375 0.4583333328125 0.501953125 0.4586588546875 0.50341796875 0.4622395828125 0.5009765625 0.4645182296875 0.501220703125 0.4664713546875 0.50341796875 0.4690755203125 0.501953125 0.4703776046875 0.487060546875 0.4703776046875 0.4541015625 0.4690755203125 0.4501953125 0.4703776046875 0.447265625 0.4703776046875 0.43896484375 0.4677734375 0.4365234375 0.4638671875 0.427001953125 0.4573567703125 0.420166015625 0.458984375 0.41552734375 0.4534505203125 0.4169921875 0.4521484375 0.415771484375 0.4501953125 0.416015625 0.4527994796875 0.422607421875 0.4541015625 0.42333984375 0.4527994796875 0.42822265625 0.4514973953125 0.429931640625 0.4462890625 0.43212890625 0.4420572921875 0.430908203125 0.4381510421875 0.4326171875 0.4361979171875 0.439208984375 0.4293619796875 0.439697265625 0.4293619796875 0.436767578125 0.4270833328125 0.435546875 0.4283854171875 0.431396484375 0.4235026046875 0.426025390625 0.4205729171875 0.431884765625 0.4215494796875 0.44140625 0.4137369796875 0.4453125 0.41015625 0.4443359375 0.4095052078125 0.44189453125 0.4046223953125 0.4423828125 0.4000651046875 0.44140625 0.3932291671875 0.4453125 0.3880208328125 0.44677734375 0.3873697921875 0.447509765625 0.3899739578125 0.449462890625 0.3909505203125 0.451904296875 0.423828125 0.4853515625 0.4225260421875 0.490234375 0.4248046875 0.49560546875 0.421875 0.50146484375 0.423828125 0.50634765625 0.4270833328125 0.5048828125 0.431640625 0.506103515625
5 0.4820963546875 0.627197265625 0.4811197921875 0.610107421875 0.4778645828125 0.593017578125 0.4772135421875 0.575439453125 0.4742838546875 0.568359375 0.4749348953125 0.556640625 0.4723307296875 0.548095703125 0.47265625 0.512939453125 0.4716796875 0.50927734375 0.4671223953125 0.50634765625 0.4583333328125 0.505859375 0.435546875 0.510498046875 0.4195963546875 0.51123046875 0.41399739531249996 0.513916015625 0.4046223953125 0.5146484375 0.3951822921875 0.524169921875 0.3984375 0.537109375 0.4124348953125 0.5625 0.4140625 0.568359375 0.4449869796875 0.621826171875 0.462890625 0.646484375 0.4684244796875 0.652099609375 0.47265625 0.66015625 0.4781901046875 0.664306640625 0.4798177078125 0.66162109375 0.4820963546875 0.627197265625
5 0.3916015625 0.439208984375 0.3997395828125 0.443603515625 0.4039713546875 0.44287109375 0.4059244796875 0.439697265625 0.4609375 0.439697265625 0.462890625 0.443359375 0.46484375 0.440185546875 0.4680989578125 0.439453125 0.470703125 0.437255859375 0.4739583328125 0.4267578125 0.4781901046875 0.386474609375 0.4811197921875 0.373779296875 0.4807942703125 0.368896484375 0.4827473953125 0.364990234375 0.4811197921875 0.362548828125 0.4778645828125 0.361083984375 0.4615885421875 0.365234375 0.4404296875 0.3720703125 0.408203125 0.380126953125 0.4046223953125 0.382080078125 0.3763020828125 0.391357421875 0.3736979171875 0.392578125 0.373046875 0.39404296875 0.369140625 0.394775390625 0.3665364578125 0.396484375 0.365234375 0.399658203125 0.3655598953125 0.41845703125 0.369140625 0.4375 0.3756510421875 0.435546875 0.3753255203125 0.433837890625 0.37890625 0.43212890625 0.3844401046875 0.4375 0.388671875 0.433837890625 0.390625 0.435546875 0.3916015625 0.439208984375
5 0.5162760421875 0.428466796875 0.5211588546875 0.42724609375 0.525390625 0.42822265625 0.529296875 0.42626953125 0.5328776046875 0.427734375 0.5354817703125 0.42724609375 0.537109375 0.4326171875 0.5393880203125 0.4296875 0.5569661453125 0.42822265625 0.5634765625 0.424560546875 0.5712890625 0.423828125 0.5774739578125 0.419189453125 0.58203125 0.42138671875 0.583984375 0.424560546875 0.5882161453125 0.42431640625 0.5921223953125 0.425537109375 0.59765625 0.42529296875 0.607421875 0.4267578125 0.6136067703125 0.431884765625 0.6246744796875 0.433837890625 0.626953125 0.43603515625 0.630859375 0.43408203125 0.6344401046875 0.439697265625 0.6468098953125 0.44140625 0.650390625 0.444091796875 0.6552734375 0.441162109375 0.6572265625 0.437255859375 0.6591796875 0.436767578125 0.6712239578125 0.4267578125 0.673828125 0.42724609375 0.6839192703125 0.4208984375 0.6861979171875 0.416015625 0.6865234375 0.392333984375 0.6829427078125 0.390869140625 0.6787109375 0.384521484375 0.6533203125 0.364013671875 0.6276041671875 0.3505859375 0.6142578125 0.34619140625 0.5888671875 0.341552734375 0.5634765625 0.341064453125 0.544921875 0.34375 0.5208333328125 0.349609375 0.505859375 0.35400390625 0.5 0.358154296875 0.4954427078125 0.369384765625 0.4908854171875 0.388671875 0.48828125 0.40673828125 0.4873046875 0.432373046875 0.4889322921875 0.435791015625 0.4915364578125 0.43701171875 0.4951171875 0.437255859375 0.4973958328125 0.43505859375 0.4996744796875 0.4345703125 0.501953125 0.4287109375 0.509765625 0.4287109375 0.5126953125 0.427001953125 0.5162760421875 0.428466796875
5 0.5484375 0.29453125 0.01640625 0.00078125
5 0.8430989578125001 0 0.83984375 0.00927734375 0.8369140625 0.0263671875 0.8333333328125001 0.033935546875 0.8349609375 0.06201171875 0.830078125 0.08642578125 0.8258463546874999 0.094482421875 0.8251953125 0.099365234375 0.8216145828125001 0.10693359375 0.8170572921874999 0.123046875 0.810546875 0.139892578125 0.810546875 0.144287109375 0.8138020828125001 0.150146484375 0.8356119796874999 0.172607421875 0.8453776046874999 0.187744140625 0.8492838546874999 0.1904296875 0.8525390625 0.190185546875 0.8567708328125001 0.19287109375 0.85546875 0.195556640625 0.8564453125 0.198974609375 0.8606770828125001 0.201416015625 0.8636067703125001 0.201171875 0.8688151046874999 0.203369140625 0.873046875 0.198974609375 0.8733723953125001 0.194580078125 0.8763020828125001 0.190185546875 0.8805338546874999 0.189208984375 0.8850911453125001 0.185791015625 0.9078776046874999 0.17431640625 0.912109375 0.174072265625 0.9195963546874999 0.17041015625 0.927734375 0.169921875 0.9401041671874999 0.166015625 0.9996744796874999 0.158203125 0.9996744796874999 0.005859375 0.9970703125 0.00390625 0.9964192703125001 0 0.8430989578125001 0
5 0.83984375 0.13671875 0.0015625 0.003125
4 0.7942708328125 0.19970703125 0.8167317703125001 0.22021484375 0.8212890625 0.22509765625 0.8287760421874999 0.238525390625 0.8294270828125001 0.2421875 0.8317057296874999 0.24267578125 0.8362630203125001 0.2412109375 0.8391927078125001 0.24267578125 0.83984375 0.24462890625 0.8365885421874999 0.248046875 0.8382161453125001 0.2490234375 0.8424479171874999 0.25634765625 0.8411458328125001 0.260009765625 0.8453776046874999 0.26318359375 0.8492838546874999 0.252197265625 0.8509114578125001 0.2392578125 0.8538411453125001 0.232666015625 0.8531901046874999 0.22802734375 0.8544921875 0.224365234375 0.8531901046874999 0.223876953125 0.8499348953125001 0.226318359375 0.845703125 0.225341796875 0.8421223953125001 0.228515625 0.8404947921874999 0.228759765625 0.8375651046874999 0.22705078125 0.8365885421874999 0.219970703125 0.837890625 0.214599609375 0.8365885421874999 0.21142578125 0.7815755203125 0.17041015625 0.7509765625 0.1455078125 0.7483723953125 0.1416015625 0.7421875 0.1376953125 0.740234375 0.134765625 0.7255859375 0.122802734375 0.7041015625 0.099609375 0.6998697921875 0.09814453125 0.6927083328125 0.09228515625 0.6774088546875 0.072998046875 0.662109375 0.05615234375 0.6575520828125 0.0546875 0.6539713546875 0.056396484375 0.6497395828125 0.060302734375 0.6500651046875 0.068115234375 0.6940104171875 0.113037109375 0.7014973953125 0.122314453125 0.7047526046875 0.12841796875 0.7132161453125 0.134521484375 0.7174479171875 0.1357421875 0.7236328125 0.139892578125 0.7666015625 0.178466796875 0.7942708328125 0.19970703125
6 0.73984375 0.13515625 0.00078125 0.01953125
4 0.806640625 0.500732421875 0.8095703125 0.49951171875 0.8126083984375001 0.5426286625000001 0.814453125 0.498046875 0.8151041671874999 0.4853515625 0.818359375 0.47705078125 0.8199869796874999 0.444091796875 0.8199869796874999 0.43896484375 0.8186848953125001 0.43603515625 0.8193359375 0.427978515625 0.8245442703125001 0.396728515625 0.82421875 0.38427734375 0.8264973953125001 0.377197265625 0.8304036453125001 0.3369140625 0.83984375 0.283203125 0.8372395828125001 0.275390625 0.837890625 0.27099609375 0.8359375 0.269775390625 0.8385416671874999 0.263671875 0.8362630203125001 0.258544921875 0.8385416671874999 0.255615234375 0.8359375 0.252197265625 0.8382161453125001 0.247314453125 0.833984375 0.235107421875 0.8336588546874999 0.227783203125 0.830078125 0.228759765625 0.8291015625 0.231201171875 0.8271484375 0.245361328125 0.8115234375 0.310302734375 0.8024088546874999 0.38671875 0.798828125 0.435791015625 0.7972005203125 0.439208984375 0.798828125 0.442626953125 0.7985026046875 0.453857421875 0.7958984375 0.462890625 0.796875 0.466796875 0.7942708328125 0.470947265625 0.7972005203125 0.47607421875 0.7981770828125 0.49658203125 0.798828125 0.49853515625 0.8004557296874999 0.498046875 0.806640625 0.500732421875
4 0.79375 0.51953125 0.00625 0.0171875
6 0.9625651046874999 0.548828125 0.9664713546874999 0.5478515625 0.9703776046874999 0.548583984375 0.9759114578125001 0.5478515625 0.982421875 0.54931640625 0.9860026046874999 0.552978515625 0.9905598953125001 0.551513671875 0.9938151046874999 0.554443359375 0.9967447921874999 0.55419921875 0.9973958328125001 0.55224609375 0.9996744796874999 0.5517578125 0.9996744796874999 0.48095703125 0.9895833328125001 0.484619140625 0.9716796875 0.494140625 0.966796875 0.4951171875 0.9524739578125001 0.5009765625 0.9427083328125001 0.5 0.919921875 0.49365234375 0.9117838546874999 0.493896484375 0.9104817703125001 0.497802734375 0.9114583328125001 0.503173828125 0.9039713546874999 0.507568359375 0.9000651046874999 0.505615234375 0.9000651046874999 0.513427734375 0.9036458328125001 0.51318359375 0.9095052078125001 0.521240234375 0.9130859375 0.523681640625 0.9163411453125001 0.53271484375 0.9163411453125001 0.537109375 0.9192708328125001 0.539306640625 0.947265625 0.546630859375 0.9602864578125001 0.5478515625 0.9625651046874999 0.548828125